10706
16486
27032
36026
36165
39771
41238
40933
42930
43143
41980
43529
44274
46259
45115
50024
56379
60933
69829
83882
95706
94579
102081
96451
105380
104255
106558
105932
107126
110706
112292
119178
121132
124713
130096
126233
131452
132536
134653
128358
140484
138678
140727
140858
144970
143106
146724
143658
148535
146937
149612
154723
151307
151346
157034
159612
157799
159020
160946
163236
162842
169614
173723
173309
171582
175605
175628
182672
177526
175156
183198
183377
184641
187700
185760
193002
198292
197693
202161
201118
201307
198981
204785
211310
206403
209650
210665
211827
216636
211242
215245
215328
220658
217408
228149
225307
227503
223653
224238
239797
235944
233604
235313
242965
240283
239248
246758
245404
246019
244863
248309
251032
254963
248554
261423
258251
261944
263890
264001
266552
270395
266943
272917
272519
277808
271992
303152
279425
288311
288292
291376
290519
288526
287345
291270
289152
298570
289806
299357
296502
300965
306916
309212
301700
301415
312084
315357
312781
321910
320291
330130
318787
322477
326850
336476
326456
331236
341804
338598
337921
340494
344749
350301
340903
344957
351831
351854
351269
352986
368246
361693
350108
359943
361973
374817
359226
371379
371796
376280
371518
373846
380777
375306
375443
379122
385271
385694
382133
390412
387392
397844
387046
394684
398577
403460
391462
407894
373048
407793
394311
410683
415978
416572
402194
427961
418306
426577
413665
426707
421757
424406
424425
428597
436180
437842
423237
441374
438132
449260
439121
446514
449441
455018
439810
456079
456447
461018
445168
462272
459384
471618
468807
471415
460717
481195
462187
476450
478336
479380
464465
472057
484118
485414
473820
500236
494566
498622
490789
491568
501467