11195
21941
36301
48321
61745
68791
68857
82872
99528
114477
129769
149273
165982
182538
198994
209959
206215
211493
216968
218078
224235
226609
225499
228185
227598
228826
231281
232286
239845
221189
235403
244760
243769
239872
246711
246472
246783
243122
247905
247939
246859
244936
244905
249955
248491
248126
253378
249820
248212
255898
251936
253664
256584
256674
254487
257045
257819
257512
253187
254400
256024
260064
256515
262621
260031
264664
255903
266461
263767
265602
256723
266947
261674
259047
263114
264899
270038
269652
273168
272489
262152
275318
275561
269160
270031
273344
274426
268912
272896
275370
274300
269326
275635
274603
276458
273724
277860
277104
281827
273415
278815
282269
279695
269678
280245
277500
281267
276084
282731
282833
281790
280063
283690
284338
286312
282591
288922
288830
290941
285645
290201
291082
294686
287002
293372
294284
278214
285610
293983
289201
294528
295669
296581
286468
294157
298929
294293
292761
295625
294235
301068
292086
300164
302905
301864
295726
302410
305837
305848
298992
304027
302111
309844
305145
309480
309920
315143
303230
315239
315614
316841
308786
314422
316964
319958
311584
319658
315892
321420
313591
319098
318949
320257
309474
322400
322090
325374
317970
321603
324825
325668
317666
323637
327749
328667
320834
329452
327812
327374
319189
324516
329120
332712
325022
333090
332620
336696
303442
335106
336048
335173
328824
334503
336753
337575
330208
335390
334310
335964
333693
340586
340030
342341
335807
338787
343445
345302
339019
340740
344211
347177
334983
343545
347012
351201
341407
347779
345737
350924
339470
348995
349622
354612
345787
351168
352798
352570
346475
349703
353300
354463
347240
349415
354817
359023
347797
360555
356202
358360
351322