1241
2154
3659
4478
5744
5889
5947
7175
8355
8770
10082
11530
12247
13761
14878
16176
16496
17536
18373
19000
19660
20209
20535
20361
21431
21565
21732
23035
21883
26925
23309
24711
23944
24654
25927
25811
25653
25894
26534
27826
27203
26470
27206
27999
27192
27686
29276
28969
27937
28895
29183
29361
31248
30179
30702
30550
31616
31591
31738
31993
32494
32367
31973
33063
34098
33677
33907
35407
35536
34402
35111
31909
35356
35569
36965
35139
36980
37720
39118
37139
38237
38608
38740
40249
39056
39674
39307
40552
41092
41296
39872
41264
41212
42204
40865
41992
42312
42148
43660
41344
43948
44926
42782
43696
45049
44419
43845
45202
44864
45716
45410
45726
47309
46856
45862
46533
48436
48330
48300
48306
49052
48422
49136
49426
51443
50567
53595
50601
51045
49700
50316
51380
50413
47440
53264
52887
51469
53596
52424
53556
52403
53393
53766
55378
53600
55929
55510
55286
56581
57211
58125
57268
57602
57744
58078
59744
58589
59134
59825
60074
60279
59754
61952
62579
61927
62165
62045
62741
62239
62394
62381
63996
62300
62751
63673
66666
63336
66862
65855
66239
65310
64776
66744
67112
67354
67128
68095
67652
66781
69063
67388
68612
67385
69875
71138
70437
71440
55138
73198
71353
69488
71830
72098
73092
73300
73693
73167
73760
72301
73900
76386
77963
73804
75827
75791
75889
75008
76960
77292
75450
76098
79389
77828
79971
78961
77860
79696
78996
77897
79754
80235
81534
81320
82151
81398
82812
80129
81070
81076
81566
81473
83575
81617
85146
81605
85333
85666
85867
84798
85329
